-32.120000    -0.000000    0.000000
-31.994531    -0.000000    0.000000
-31.869062    -0.000000    0.000000
-31.743594    -0.000000    0.000000
-31.618125    -0.000000    0.000000
-31.492656    -0.000000    0.000000
-31.367188    -0.000000    0.000000
-31.241719    -0.000000    0.000000
-31.116250    -0.000000    0.000000
-30.990781    -0.000000    0.000000
-30.865313    -0.000000    0.000000
-30.739844    -0.000000    0.000000
-30.614375    -0.000000    0.000000
-30.488906    -0.000000    0.000000
-30.363437    -0.000000    0.000000
-30.237969    -0.000000    0.000000
-30.112500    -0.000000    0.000000
-29.987031    -0.000000    0.000000
-29.861563    -0.000000    0.000000
-29.736094    -0.000000    0.000000
-29.610625    -0.000000    0.000000
-29.485156    -0.000000    0.000000
-29.359688    -0.000000    0.000000
-29.234219    -0.000000    0.000000
-29.108750    -0.000000    0.000000
-28.983281    -0.000000    0.000000
-28.857813    -0.000000    0.000000
-28.732344    -0.000000    0.000000
-28.606875    -0.000000    0.000000
-28.481406    0.000000    0.000000
-28.355937    0.000000    0.000000
-28.230469    0.000000    0.000000
-28.105000    0.000000    0.000000
-27.979531    0.000000    0.000000
-27.854063    0.000000    0.000000
-27.728594    0.000000    0.000000
-27.603125    0.000000    0.000000
-27.477656    0.000000    0.000000
-27.352187    0.000000    0.000000
-27.226719    0.000000    0.000000
-27.101250    0.000000    0.000000
-26.975781    0.000000    0.000000
-26.850313    0.000000    0.000000
-26.724844    0.000000    0.000000
-26.599375    0.000000    0.000000
-26.473906    0.000000    0.000000
-26.348438    0.000000    0.000000
-26.222969    0.000000    0.000000
-26.097500    0.000000    0.000000
-25.972031    0.000000    0.000000
-25.846563    0.000000    0.000000
-25.721094    0.000000    0.000000
-25.595625    0.000000    0.000000
-25.470156    0.000000    0.000000
-25.344688    0.000000    0.000000
-25.219219    0.000000    0.000000
-25.093750    0.000000    0.000000
-24.968281    0.000000    0.000000
-24.842812    -0.000000    0.000000
-24.717344    -0.000000    0.000000
-24.591875    0.000000    0.000000
-24.466406    -0.000000    0.000000
-24.340937    -0.000000    0.000000
-24.215469    -0.000000    0.000000
-24.090000    -0.000000    0.000000
-23.964531    -0.000000    0.000000
-23.839063    -0.000000    0.000000
-23.713594    -0.000000    0.000000
-23.588125    -0.000000    0.000000
-23.462656    -0.000000    0.000000
-23.337188    -0.000000    0.000000
-23.211719    -0.000000    0.000000
-23.086250    -0.000000    0.000000
-22.960781    -0.000000    0.000000
-22.835313    -0.000000    0.000000
-22.709844    -0.000000    0.000000
-22.584375    -0.000000    0.000000
-22.458906    -0.000000    0.000000
-22.333438    -0.000000    0.000000
-22.207969    -0.000000    0.000000
-22.082500    -0.000000    0.000000
-21.957031    -0.000000    0.000000
-21.831563    -0.000000    0.000000
-21.706094    -0.000000    0.000000
-21.580625    -0.000000    0.000000
-21.455156    -0.000000    0.000000
-21.329687    -0.000000    0.000000
-21.204219    0.000000    0.000000
-21.078750    0.000000    0.000000
-20.953281    0.000000    0.000000
-20.827813    0.000000    0.000000
-20.702344    0.000000    0.000000
-20.576875    0.000000    0.000000
-20.451406    0.000000    0.000000
-20.325937    0.000000    0.000000
-20.200469    0.000000    0.000000
-20.075000    0.000000    0.000000
-19.949531    0.000000    0.000000
-19.824063    0.000000    0.000000
-19.698594    0.000000    0.000000
-19.573125    0.000000    0.000000
-19.447656    0.000000    0.000000
-19.322188    0.000000    0.000000
-19.196719    0.000000    0.000000
-19.071250    0.000000    0.000000
-18.945781    0.000000    0.000000
-18.820313    0.000000    0.000000
-18.694844    0.000000    0.000000
-18.569375    0.000000    0.000000
-18.443906    0.000000    0.000000
-18.318438    0.000000    0.000000
-18.192969    0.000000    0.000000
-18.067500    0.000000    0.000000
-17.942031    0.000000    0.000000
-17.816562    0.000000    0.000000
-17.691094    0.000000    0.000000
-17.565625    0.000000    0.000000
-17.440156    0.000000    0.000000
-17.314688    0.000000    0.000000
-17.189219    0.000000    0.000000
-17.063750    0.000000    0.000000
-16.938281    0.000000    0.000000
-16.812812    0.000000    0.000000
-16.687344    0.000000    0.000000
-16.561875    0.000000    0.000000
-16.436406    0.000000    0.000000
-16.310938    0.000000    0.000000
-16.185469    0.000000    0.000000
-16.060000    0.000000    0.000000
-15.934531    0.000000    0.000000
-15.809063    0.000000    0.000000
-15.683594    0.000000    0.000000
-15.558125    0.000000    0.000000
-15.432656    0.000000    0.000000
-15.307188    0.000000    0.000000
-15.181719    0.000000    0.000000
-15.056250    0.000000    0.000000
-14.930781    0.000000    0.000000
-14.805312    0.000000    0.000000
-14.679844    0.000000    0.000000
-14.554375    0.000000    0.000000
-14.428906    0.000000    0.000000
-14.303438    -0.000000    0.000000
-14.177969    -0.000000    0.000000
-14.052500    -0.000000    0.000000
-13.927031    -0.000000    0.000000
-13.801563    -0.000000    0.000000
-13.676094    -0.000000    0.000000
-13.550625    -0.000000    0.000000
-13.425156    -0.000000    0.000000
-13.299687    -0.000000    0.000000
-13.174219    -0.000000    0.000000
-13.048750    -0.000000    0.000000
-12.923281    -0.000000    0.000000
-12.797813    -0.000000    0.000000
-12.672344    -0.000000    0.000000
-12.546875    -0.000000    0.000000
-12.421406    -0.000000    0.000000
-12.295938    -0.000000    0.000000
-12.170469    -0.000000    0.000000
-12.045000    -0.000000    0.000000
-11.919531    0.000000    0.000000
-11.794063    0.000000    0.000000
-11.668594    0.000000    0.000000
-11.543125    0.000000    0.000000
-11.417656    0.000000    0.000000
-11.292187    0.000000    0.000000
-11.166719    0.000000    0.000000
-11.041250    0.000000    0.000000
-10.915781    0.000000    0.000000
-10.790313    0.000000    0.000000
-10.664844    0.000000    0.000000
-10.539375    0.000000    0.000000
-10.413906    0.000000    0.000000
-10.288438    0.000000    0.000000
-10.162969    0.000000    0.000000
-10.037500    0.000000    0.000000
-9.912031    0.000000    0.000000
-9.786563    0.000000    0.000000
-9.661094    0.000000    0.000000
-9.535625    0.000000    0.000000
-9.410156    0.000000    0.000000
-9.284688    0.000000    0.000000
-9.159219    0.000000    0.000000
-9.033750    0.000000    0.000000
-8.908281    0.000000    0.000000
-8.782813    0.000000    0.000000
-8.657344    0.000000    0.000000
-8.531875    0.000000    0.000000
-8.406406    0.000000    0.000000
-8.280938    0.000000    0.000000
-8.155469    0.000000    0.000000
-8.030000    0.000000    0.000000
-7.904531    0.000000    0.000000
-7.779063    0.000000    0.000000
-7.653594    0.000000    0.000000
-7.528125    0.000001    0.000000
-7.402656    0.000001    0.000001
-7.277188    0.000001    0.000001
-7.151719    0.000002    0.000002
-7.026250    0.000003    0.000003
-6.900781    0.000005    0.000005
-6.775313    0.000007    0.000007
-6.649844    0.000011    0.000011
-6.524375    0.000017    0.000017
-6.398906    0.000025    0.000025
-6.273438    0.000038    0.000038
-6.147969    0.000056    0.000056
-6.022500    0.000082    0.000082
-5.897031    0.000119    0.000119
-5.771562    0.000172    0.000171
-5.646094    0.000246    0.000245
-5.520625    0.000349    0.000347
-5.395156    0.000491    0.000489
-5.269688    0.000686    0.000683
-5.144219    0.000950    0.000947
-5.018750    0.001307    0.001302
-4.893281    0.001783    0.001777
-4.767813    0.002414    0.002406
-4.642344    0.003243    0.003233
-4.516875    0.004321    0.004309
-4.391406    0.005713    0.005698
-4.265938    0.007494    0.007475
-4.140469    0.009754    0.009731
-4.015000    0.012596    0.012568
-3.889531    0.016137    0.016104
-3.764063    0.020513    0.020474
-3.638594    0.025871    0.025825
-3.513125    0.032373    0.032319
-3.387656    0.040191    0.040130
-3.262188    0.049507    0.049438
-3.136719    0.060504    0.060427
-3.011250    0.073364    0.073279
-2.885781    0.088261    0.088168
-2.760312    0.105351    0.105251
-2.634844    0.124764    0.124659
-2.509375    0.146597    0.146488
-2.383906    0.170901    0.170789
-2.258437    0.197673    0.197561
-2.132969    0.226847    0.226737
-2.007500    0.258287    0.258183
-1.882031    0.291781    0.291684
-1.756563    0.327035    0.326949
-1.631094    0.363676    0.363604
-1.505625    0.401254    0.401198
-1.380156    0.439246    0.439208
-1.254687    0.477067    0.477050
-1.129219    0.514085    0.514090
-1.003750    0.549635    0.549662
-0.878281    0.583038    0.583087
-0.752813    0.613625    0.613696
-0.627344    0.640757    0.640848
-0.501875    0.663845    0.663953
-0.376406    0.682376    0.682499
-0.250938    0.695929    0.696062
-0.125469    0.704189    0.704329
0.000000    0.706965    0.707107
0.125469    0.704189    0.704329
0.250938    0.695929    0.696062
0.376406    0.682376    0.682499
0.501875    0.663845    0.663953
0.627344    0.640757    0.640848
0.752813    0.613625    0.613696
0.878281    0.583038    0.583087
1.003750    0.549635    0.549662
1.129219    0.514085    0.514090
1.254687    0.477067    0.477050
1.380156    0.439246    0.439208
1.505625    0.401254    0.401198
1.631094    0.363676    0.363604
1.756563    0.327035    0.326949
1.882031    0.291781    0.291684
2.007500    0.258287    0.258183
2.132969    0.226847    0.226737
2.258437    0.197673    0.197561
2.383906    0.170901    0.170789
2.509375    0.146597    0.146488
2.634844    0.124764    0.124659
2.760312    0.105351    0.105251
2.885781    0.088261    0.088168
3.011250    0.073364    0.073279
3.136719    0.060504    0.060427
3.262188    0.049507    0.049438
3.387656    0.040191    0.040130
3.513125    0.032373    0.032319
3.638594    0.025871    0.025825
3.764063    0.020513    0.020474
3.889531    0.016137    0.016104
4.015000    0.012596    0.012568
4.140469    0.009754    0.009731
4.265938    0.007494    0.007475
4.391406    0.005713    0.005698
4.516875    0.004321    0.004309
4.642344    0.003243    0.003233
4.767813    0.002414    0.002406
4.893281    0.001783    0.001777
5.018750    0.001307    0.001302
5.144219    0.000950    0.000947
5.269688    0.000686    0.000683
5.395156    0.000491    0.000489
5.520625    0.000349    0.000347
5.646094    0.000246    0.000245
5.771562    0.000172    0.000171
5.897031    0.000119    0.000119
6.022500    0.000082    0.000082
6.147969    0.000056    0.000056
6.273438    0.000038    0.000038
6.398906    0.000025    0.000025
6.524375    0.000017    0.000017
6.649844    0.000011    0.000011
6.775313    0.000007    0.000007
6.900781    0.000005    0.000005
7.026250    0.000003    0.000003
7.151719    0.000002    0.000002
7.277188    0.000001    0.000001
7.402656    0.000001    0.000001
7.528125    0.000001    0.000000
7.653594    0.000000    0.000000
7.779063    0.000000    0.000000
7.904531    0.000000    0.000000
8.030000    0.000000    0.000000
8.155469    0.000000    0.000000
8.280938    0.000000    0.000000
8.406406    0.000000    0.000000
8.531875    0.000000    0.000000
8.657344    0.000000    0.000000
8.782813    0.000000    0.000000
8.908281    0.000000    0.000000
9.033750    0.000000    0.000000
9.159219    0.000000    0.000000
9.284688    0.000000    0.000000
9.410156    0.000000    0.000000
9.535625    0.000000    0.000000
9.661094    0.000000    0.000000
9.786563    0.000000    0.000000
9.912031    0.000000    0.000000
10.037500    0.000000    0.000000
10.162969    0.000000    0.000000
10.288438    0.000000    0.000000
10.413906    0.000000    0.000000
10.539375    0.000000    0.000000
10.664844    0.000000    0.000000
10.790313    0.000000    0.000000
10.915781    0.000000    0.000000
11.041250    0.000000    0.000000
11.166719    0.000000    0.000000
11.292187    0.000000    0.000000
11.417656    0.000000    0.000000
11.543125    0.000000    0.000000
11.668594    0.000000    0.000000
11.794063    0.000000    0.000000
11.919531    0.000000    0.000000
12.045000    -0.000000    0.000000
12.170469    -0.000000    0.000000
12.295938    -0.000000    0.000000
12.421406    -0.000000    0.000000
12.546875    -0.000000    0.000000
12.672344    -0.000000    0.000000
12.797813    -0.000000    0.000000
12.923281    -0.000000    0.000000
13.048750    -0.000000    0.000000
13.174219    -0.000000    0.000000
13.299687    -0.000000    0.000000
13.425156    -0.000000    0.000000
13.550625    -0.000000    0.000000
13.676094    -0.000000    0.000000
13.801563    -0.000000    0.000000
13.927031    -0.000000    0.000000
14.052500    -0.000000    0.000000
14.177969    -0.000000    0.000000
14.303438    -0.000000    0.000000
14.428906    0.000000    0.000000
14.554375    0.000000    0.000000
14.679844    0.000000    0.000000
14.805312    0.000000    0.000000
14.930781    0.000000    0.000000
15.056250    0.000000    0.000000
15.181719    0.000000    0.000000
15.307188    0.000000    0.000000
15.432656    0.000000    0.000000
15.558125    0.000000    0.000000
15.683594    0.000000    0.000000
15.809063    0.000000    0.000000
15.934531    0.000000    0.000000
16.060000    0.000000    0.000000
16.185469    0.000000    0.000000
16.310938    0.000000    0.000000
16.436406    0.000000    0.000000
16.561875    0.000000    0.000000
16.687344    0.000000    0.000000
16.812812    0.000000    0.000000
16.938281    0.000000    0.000000
17.063750    0.000000    0.000000
17.189219    0.000000    0.000000
17.314688    0.000000    0.000000
17.440156    0.000000    0.000000
17.565625    0.000000    0.000000
17.691094    0.000000    0.000000
17.816562    0.000000    0.000000
17.942031    0.000000    0.000000
18.067500    0.000000    0.000000
18.192969    0.000000    0.000000
18.318438    0.000000    0.000000
18.443906    0.000000    0.000000
18.569375    0.000000    0.000000
18.694844    0.000000    0.000000
18.820313    0.000000    0.000000
18.945781    0.000000    0.000000
19.071250    0.000000    0.000000
19.196719    0.000000    0.000000
19.322188    0.000000    0.000000
19.447656    0.000000    0.000000
19.573125    0.000000    0.000000
19.698594    0.000000    0.000000
19.824063    0.000000    0.000000
19.949531    0.000000    0.000000
20.075000    0.000000    0.000000
20.200469    0.000000    0.000000
20.325937    0.000000    0.000000
20.451406    0.000000    0.000000
20.576875    0.000000    0.000000
20.702344    0.000000    0.000000
20.827813    0.000000    0.000000
20.953281    0.000000    0.000000
21.078750    0.000000    0.000000
21.204219    0.000000    0.000000
21.329687    -0.000000    0.000000
21.455156    -0.000000    0.000000
21.580625    -0.000000    0.000000
21.706094    -0.000000    0.000000
21.831563    -0.000000    0.000000
21.957031    -0.000000    0.000000
22.082500    -0.000000    0.000000
22.207969    -0.000000    0.000000
22.333438    -0.000000    0.000000
22.458906    -0.000000    0.000000
22.584375    -0.000000    0.000000
22.709844    -0.000000    0.000000
22.835313    -0.000000    0.000000
22.960781    -0.000000    0.000000
23.086250    -0.000000    0.000000
23.211719    -0.000000    0.000000
23.337188    -0.000000    0.000000
23.462656    -0.000000    0.000000
23.588125    -0.000000    0.000000
23.713594    -0.000000    0.000000
23.839063    -0.000000    0.000000
23.964531    -0.000000    0.000000
24.090000    -0.000000    0.000000
24.215469    -0.000000    0.000000
24.340937    -0.000000    0.000000
24.466406    -0.000000    0.000000
24.591875    -0.000000    0.000000
24.717344    -0.000000    0.000000
24.842812    -0.000000    0.000000
24.968281    -0.000000    0.000000
25.093750    0.000000    0.000000
25.219219    0.000000    0.000000
25.344688    0.000000    0.000000
25.470156    0.000000    0.000000
25.595625    0.000000    0.000000
25.721094    0.000000    0.000000
25.846563    0.000000    0.000000
25.972031    0.000000    0.000000
26.097500    0.000000    0.000000
26.222969    0.000000    0.000000
26.348438    0.000000    0.000000
26.473906    0.000000    0.000000
26.599375    0.000000    0.000000
26.724844    0.000000    0.000000
26.850313    0.000000    0.000000
26.975781    0.000000    0.000000
27.101250    0.000000    0.000000
27.226719    0.000000    0.000000
27.352187    0.000000    0.000000
27.477656    0.000000    0.000000
27.603125    0.000000    0.000000
27.728594    0.000000    0.000000
27.854063    0.000000    0.000000
27.979531    0.000000    0.000000
28.105000    0.000000    0.000000
28.230469    0.000000    0.000000
28.355937    0.000000    0.000000
28.481406    0.000000    0.000000
28.606875    -0.000000    0.000000
28.732344    -0.000000    0.000000
28.857813    -0.000000    0.000000
28.983281    -0.000000    0.000000
29.108750    -0.000000    0.000000
29.234219    -0.000000    0.000000
29.359688    -0.000000    0.000000
29.485156    -0.000000    0.000000
29.610625    -0.000000    0.000000
29.736094    -0.000000    0.000000
29.861563    -0.000000    0.000000
29.987031    -0.000000    0.000000
30.112500    -0.000000    0.000000
30.237969    -0.000000    0.000000
30.363437    -0.000000    0.000000
30.488906    -0.000000    0.000000
30.614375    -0.000000    0.000000
30.739844    -0.000000    0.000000
30.865313    -0.000000    0.000000
30.990781    -0.000000    0.000000
31.116250    -0.000000    0.000000
31.241719    -0.000000    0.000000
31.367188    -0.000000    0.000000
31.492656    -0.000000    0.000000
31.618125    -0.000000    0.000000
31.743594    -0.000000    0.000000
31.869062    -0.000000    0.000000
31.994531    0.000000    0.000000
