-8.014286    0.000132
-7.951674    -0.000141
-7.889062    0.000150
-7.826451    -0.000159
-7.763839    0.000168
-7.701228    -0.000177
-7.638616    0.000186
-7.576004    -0.000195
-7.513393    0.000204
-7.450781    -0.000213
-7.388170    0.000223
-7.325558    -0.000232
-7.262946    0.000241
-7.200335    -0.000251
-7.137723    0.000260
-7.075112    -0.000270
-7.012500    0.000280
-6.949888    -0.000290
-6.887277    0.000300
-6.824665    -0.000310
-6.762054    0.000320
-6.699442    -0.000331
-6.636830    0.000341
-6.574219    -0.000352
-6.511607    0.000363
-6.448996    -0.000374
-6.386384    0.000385
-6.323772    -0.000397
-6.261161    0.000408
-6.198549    -0.000420
-6.135937    0.000432
-6.073326    -0.000444
-6.010714    0.000457
-5.948103    -0.000470
-5.885491    0.000483
-5.822879    -0.000496
-5.760268    0.000510
-5.697656    -0.000524
-5.635045    0.000538
-5.572433    -0.000553
-5.509821    0.000568
-5.447210    -0.000583
-5.384598    0.000599
-5.321987    -0.000615
-5.259375    0.000632
-5.196763    -0.000650
-5.134152    0.000667
-5.071540    -0.000686
-5.008929    0.000705
-4.946317    -0.000724
-4.883705    0.000744
-4.821094    -0.000765
-4.758482    0.000787
-4.695871    -0.000810
-4.633259    0.000833
-4.570647    -0.000857
-4.508036    0.000882
-4.445424    -0.000908
-4.382812    0.000935
-4.320201    -0.000964
-4.257589    0.000993
-4.194978    -0.001024
-4.132366    0.001056
-4.069754    -0.001090
-4.007143    0.001125
-3.944531    -0.001162
-3.881920    0.001201
-3.819308    -0.001242
-3.756696    0.001285
-3.694085    -0.001330
-3.631473    0.001377
-3.568862    -0.001428
-3.506250    0.001481
-3.443638    -0.001537
-3.381027    0.001597
-3.318415    -0.001660
-3.255804    0.001728
-3.193192    -0.001799
-3.130580    0.001876
-3.067969    -0.001958
-3.005357    0.002046
-2.942746    -0.002141
-2.880134    0.002242
-2.817522    -0.002352
-2.754911    0.002471
-2.692299    -0.002599
-2.629687    0.002739
-2.567076    -0.002891
-2.504464    0.003058
-2.441853    -0.003241
-2.379241    0.003442
-2.316629    -0.003665
-2.254018    0.003913
-2.191406    -0.004189
-2.128795    0.004500
-2.066183    -0.004850
-2.003571    0.005248
-1.940960    -0.005703
-1.878348    0.006228
-1.815737    -0.006840
-1.753125    0.007560
-1.690513    -0.008419
-1.627902    0.009458
-1.565290    -0.010738
-1.502679    0.012349
-1.440067    -0.014433
-1.377455    0.017223
-1.314844    -0.021137
-1.252232    0.026990
-1.189621    -0.036630
-1.127009    0.055239
-1.064397    -0.104517
-1.001786    0.575142
-0.939174    1.326816
-0.876562    1.157445
-0.813951    1.268472
-0.751339    1.194292
-0.688728    1.261186
-0.626116    1.211306
-0.563504    1.261432
-0.500893    1.222033
-0.438281    1.263430
-0.375670    1.229352
-0.313058    1.265555
-0.250446    1.234224
-0.187835    1.267185
-0.125223    1.237038
-0.062612    1.268052
0.000000    1.237961
0.062612    1.268052
0.125223    1.237038
0.187835    1.267185
0.250446    1.234224
0.313058    1.265555
0.375670    1.229352
0.438281    1.263430
0.500893    1.222033
0.563504    1.261432
0.626116    1.211306
0.688728    1.261186
0.751339    1.194292
0.813951    1.268472
0.876562    1.157445
0.939174    1.326816
1.001786    0.575142
1.064397    -0.104517
1.127009    0.055239
1.189621    -0.036630
1.252232    0.026990
1.314844    -0.021137
1.377455    0.017223
1.440067    -0.014433
1.502679    0.012349
1.565290    -0.010738
1.627902    0.009458
1.690513    -0.008419
1.753125    0.007560
1.815737    -0.006840
1.878348    0.006228
1.940960    -0.005703
2.003571    0.005248
2.066183    -0.004850
2.128795    0.004500
2.191406    -0.004189
2.254018    0.003913
2.316629    -0.003665
2.379241    0.003442
2.441853    -0.003241
2.504464    0.003058
2.567076    -0.002891
2.629687    0.002739
2.692299    -0.002599
2.754911    0.002471
2.817522    -0.002352
2.880134    0.002242
2.942746    -0.002141
3.005357    0.002046
3.067969    -0.001958
3.130580    0.001876
3.193192    -0.001799
3.255804    0.001728
3.318415    -0.001660
3.381027    0.001597
3.443638    -0.001537
3.506250    0.001481
3.568862    -0.001428
3.631473    0.001377
3.694085    -0.001330
3.756696    0.001285
3.819308    -0.001242
3.881920    0.001201
3.944531    -0.001162
4.007143    0.001125
4.069754    -0.001090
4.132366    0.001056
4.194978    -0.001024
4.257589    0.000993
4.320201    -0.000964
4.382812    0.000935
4.445424    -0.000908
4.508036    0.000882
4.570647    -0.000857
4.633259    0.000833
4.695871    -0.000810
4.758482    0.000787
4.821094    -0.000765
4.883705    0.000744
4.946317    -0.000724
5.008929    0.000705
5.071540    -0.000686
5.134152    0.000667
5.196763    -0.000650
5.259375    0.000632
5.321987    -0.000615
5.384598    0.000599
5.447210    -0.000583
5.509821    0.000568
5.572433    -0.000553
5.635045    0.000538
5.697656    -0.000524
5.760268    0.000510
5.822879    -0.000496
5.885491    0.000483
5.948103    -0.000470
6.010714    0.000457
6.073326    -0.000444
6.135937    0.000432
6.198549    -0.000420
6.261161    0.000408
6.323772    -0.000397
6.386384    0.000385
6.448996    -0.000374
6.511607    0.000363
6.574219    -0.000352
6.636830    0.000341
6.699442    -0.000331
6.762054    0.000320
6.824665    -0.000310
6.887277    0.000300
6.949888    -0.000290
7.012500    0.000280
7.075112    -0.000270
7.137723    0.000260
7.200335    -0.000251
7.262946    0.000241
7.325558    -0.000232
7.388170    0.000223
7.450781    -0.000213
7.513393    0.000204
7.576004    -0.000195
7.638616    0.000186
7.701228    -0.000177
7.763839    0.000168
7.826451    -0.000159
7.889062    0.000150
7.951674    -0.000141
